from sympy import Matrix

routine1 = Matrix([[Matrix([
[1.22464679914735e-16,                   1.0, 6.66192175486236e-16, 9.20015907859449e-15],
[-8.1585011532623e-32, -6.66192175486236e-16,                  1.0, -6.1290739913883e-30],
[                 1.0, -1.22464679914735e-16,                    0,                162.5],
[                   0,                     0,                    0,                    1]])], [Matrix([
[ 0.00558502320979196,     0.999984159938523, 0.000698131644087579,     0.764099308709108],
[-3.89908238590205e-6, -0.000698120755767206,    0.999999756306074, -0.000533442036631856],
[   0.999984403628648,  -0.00558502457082853,                    0,      162.497465348893],
[                   0,                     0,                    0,                     1]])], [Matrix([
[  0.0111698640413011,    0.999936640286313, 0.00139626294791428,    1.52816359087706],
[-1.55960824967892e-5, -0.00139617584205179,   0.999999025224415, -0.0021337202801917],
[   0.999937615001086,  -0.0111698749294225,                   0,    162.489861509802],
[                   0,                    0,                   0,                   1]])], [Matrix([
[  0.0167543401225344,    0.999857442640013, 0.00209439357121937,     2.29215782167764],
[-3.50902592041811e-5, -0.00209409959287375,   0.999997806755379, -0.00480069113503187],
[    0.99985963557678,  -0.0167543768689813,                   0,     162.477188825417],
[                   0,                    0,                   0,                    1]])], [Matrix([
[  0.0223382690940793,    0.999746569660634, 0.00279252317374249,     3.05604697971446],
[-6.23803773338688e-5, -0.00279182634925823,   0.999996100899561, -0.00853411528627102],
[   0.999750467788122,  -0.0223383561935738,                   0,     162.459447866865],
[                   0,                    0,                   0,                    1]])], [Matrix([
[ 0.0279214686153909,    0.999604025073457, 0.00349065141522373,    3.81979604873558],
[-9.7464707725792e-5, -0.00348929046273757,    0.99999390765779, -0.0133336577165906],
[  0.999610115040354,   -0.027921638723569,                   0,    162.436639433693],
[                  0,                    0,                   0,                   1]])], [Matrix([
[  0.0335037563710812,   0.999429813667907, 0.00418877795540388,    4.58337001934788],
[-0.00014034102731787, -0.0041864262988531,   0.999991227031138, -0.0191988877297477],
[   0.999438581711464, -0.0335040503010713,                   0,    162.408764553821],
[                   0,                   0,                   0,                   1]])], [Matrix([
[   0.0390849500772087,    0.999223941297378, 0.00488690245402454,    5.34673389073122],
[-0.000191006619253785, -0.00488316824065609,   0.999988059020909, -0.0261292789808046],
[    0.999235873152047,  -0.0390854167953534,                   0,    162.375824483503],
[                    0,                    0,                   0,                   1]])], [Matrix([
[   0.0446648674875616,    0.998986414879032, 0.00558502457082831,    6.10985267235205],
[-0.000249458273014684, -0.00557945069220801,   0.999984403628648, -0.0341242095130709],
[    0.999001995685138,   -0.044665564108286,                   0,    162.337820707263],
[                    0,                    0,                   0,                   1]])], [Matrix([
[   0.0502433263999444,     0.99871724239355, 0.00628314396555895,     6.8726913856763],
[-0.000315692284574841, -0.00627520808207981,   0.999980260856137, -0.0431829618017565],
[    0.998736956606017,  -0.0502443181797692,                   0,     162.29475493783],
[                    0,                    0,                   0,                   1]])], [Matrix([
[   0.0558201446624635,    0.998416432884853, 0.00698126029796155,    7.63521506588218],
[-0.000389704456581238, -0.00697037486685006,   0.999975630705395, -0.0533047228043351],
[    0.998440764181981,   -0.055821504993164,                   0,    162.246629116058],
[                    0,                    0,                   0,                   1]])], [Matrix([
[   0.0613951401798043,    0.998083996459782, 0.00767937322778269,    8.39738876357163],
[-0.000471490098557046, -0.00766488553460182,   0.999970513178678, -0.0644885840176094],
[    0.998113427652083,  -0.0613969505807158,                   0,    162.193445410835],
[                    0,                    0,                   0,                   1]])], [Matrix([
[    0.066968130919515,    0.997719944287743, 0.00837748241477061,    9.15917754648136],
[-0.000561044027129053, -0.00835867460841811,   0.999964908278481, -0.0767335415414804],
[    0.997754957226846,  -0.0669704810289853,                   0,    162.135206218985],
[                    0,                    0,                   0,                   1]])], [Matrix([
[   0.0725389349182819,    0.997324288600309, 0.00907558751867538,   9.92054650119313],
[-0.000658360566278966, -0.00905167664987571,   0.999958816007535, -0.090038496149414],
[    0.997365364087949,  -0.0725419224842709,                   0,   162.071914165154],
[                    0,                    0,                   0,                  1]])], [Matrix([
[   0.0781073702882056,    0.996897042690791, 0.00977368819924903,   10.6814607348426],
[-0.000763433547618617, -0.00974382626253723,    0.99995223636881, -0.104402253365598],
[    0.996944660387867,  -0.0781111011580332,                   0,   162.003572101693],
[                    0,                    0,                   0,                  1]])], [Matrix([
[   0.0836732552230732,   0.996438220913769, 0.0104717841162458,  11.4418853768275],
[-0.000876256310689048, -0.0104350580954413,  0.999945169365512, -0.11982352354879],
[    0.996492859249504, -0.0836778433323157,                  0,  161.930183108524],
[                    0,                   0,                  0,                 1]])], [Matrix([
[   0.0892364080046241,   0.995947838684584, 0.0111698749294222,   12.2017855805146],
[-0.000996821703283416, -0.0111253068465907,  0.999937615001086, -0.136300921982845],
[    0.996009974765777, -0.0892419753651603,                  0,   161.851750492995],
[                    0,                   0,                  0,                  1]])], [Matrix([
[  0.0947966470088219,   0.995425912478793, 0.0118679602985372,  12.9611265249451],
[-0.00112512208179385,  -0.011814507266438,  0.999929573279215, -0.15383296897392],
[   0.995496021999177, -0.0948033236960294,                  0,  161.768277789735],
[                   0,                   0,                  0,                 1]])], [Matrix([
[   0.100353790712113,    0.99487245983159, 0.0125660398833526,   13.7198734165395],
[-0.00126114931158203, -0.0125025941613693,  0.999921044203816, -0.172418089954353],
[     0.9949510169813,  -0.100361714851215,                  0,    161.67976876048],
[                   0,                   0,                  0,                  1]])], [Matrix([
[   0.105907657697685,   0.994287499337187, 0.0132641133436328,   14.4779914907999],
[-0.00140489476737365, -0.0131895023971848,  0.999912027779048, -0.192054615593198],
[   0.994374976712348,  -0.105916975449252,                  0,   161.586227393909],
[                   0,                   0,                  0,                  1]])], [Matrix([
[   0.111458066661727,   0.993671050648155, 0.0139621803391453,   15.2354460140118],
[-0.00155634933367668, -0.0138751669025774,  0.999902524009304, -0.212740781913423],
[   0.993767919160596,  -0.111468932206326,                  0,   161.487657905454],
[                   0,                   0,                  0,                  1]])], [Matrix([
[   0.117004836419675,    0.99302313447473, 0.0146602405296607,   15.9922022849441],
[-0.00171550340522338, -0.0145595226726075,  0.999892532899217, -0.234474730415753],
[   0.993129863261835,  -0.117017411941677,                  0,   161.384064737108],
[                   0,                   0,                  0,                  1]])], [Matrix([
[   0.122547785912462,   0.992343772584087, 0.0153582935749529,   16.7482256365468],
[-0.00188234688743612, -0.0152425047721757,  0.999882054453657, -0.257254508209158],
[   0.992460828918778,  -0.122562241583007,                  0,   161.275452557217],
[                   0,                   0,                  0,                  1]])], [Matrix([
[   0.128086734212761,   0.991632987799568, 0.0160563391347995,   17.5034814376479],
[-0.00205686919691692, -0.0159240483394917,   0.99987108867773, -0.281078068147968],
[   0.991760837000442,   -0.12810324817187,                  0,   161.161826260268],
[                   0,                   0,                  0,                  1]])], [Matrix([
[   0.133621500531217,   0.990890803999875, 0.0167543768689814,   18.2579350946476],
[-0.00223905926196066, -0.0166040885895398,   0.99985963557678, -0.305943268975615],
[   0.991029909341493,  -0.133640258869072,                  0,    161.04319096666],
[                   0,                   0,                  0,                  1]])], [Matrix([
[   0.139324141888916,   0.990088906092704, 0.0176844994011745,   19.0413788138492],
[-0.00246426307262462, -0.0175119652403447,  0.999843617012646, -0.336789920444922],
[   0.990243763370629,  -0.139345933222229,                  0,   160.914484352869],
[                   0,                   0,                  0,                  1]])], [Matrix([
[    0.14880309569344,   0.988581976438291, 0.023734248954022,   20.4670768327876],
[-0.00353272487618705, -0.0234698621291362, 0.999718303036705, -0.485907575598966],
[   0.988860535448249,  -0.148845024884952,                 0,   160.664384577675],
[                   0,                   0,                 0,                  1]])], [Matrix([
[   0.158431315656458,    0.98691367845456, 0.0300151544832513,  21.9178721503931],
[-0.00475748392853064, -0.0296357190788956,  0.999549443750206, -0.65816485882874],
[     0.9873585390151,  -0.158502730052093,                  0,  160.390254606059],
[                   0,                   0,                  0,                 1]])], [Matrix([
[   0.168034506982504,   0.985112727817036, 0.0362948750655758,   23.3635168410766],
[-0.00610281243450596, -0.0357781167253811,  0.999341123963171, -0.848535004220044],
[   0.985762222923731,  -0.168145293887352,                  0,   160.097210472392],
[                   0,                   0,                  0,                  1]])], [Matrix([
[   0.177610618802543,  0.983179532892529, 0.0425731627883795,  24.8035915690452],
[-0.00756830757891433, -0.041895046368238,  0.999093351899708, -1.05692560119391],
[   0.984071739665848, -0.177771795263004,                  0,  159.785303909956],
[                   0,                  0,                  0,                 1]])], [Matrix([
[   0.187157607031328,   0.981114534660058, 0.0488497697956133,  26.2376789823279],
[-0.00915353408151203, -0.0479845060712623,  0.998806137341434, -1.28323658650065],
[   0.982287250728689,  -0.187381314585725,                  0,  159.454590010976],
[                   0,                   0,                  0,                 1]])], [Matrix([
[  0.196673434889234,   0.978918206597853, 0.0551244482975797,  27.6653638666705],
[-0.0108580243099355, -0.0540445011837225,  0.998479491627088, -1.52736028420259],
[  0.980408926579596,  -0.196972933884443,                  0,  159.105127216423],
[                  0,                   0,                  0,                 1]])], [Matrix([
[  0.206156073422211,   0.976591054562003, 0.0613969505807155,  29.0862332986013],
[-0.0126812784009854, -0.0600730448597998,  0.998113427652083, -1.78918144865983],
[  0.978436946649733,  -0.206545736898023,                  0,  158.736977305198],
[                  0,                   0,                  0,                 1]])], [Matrix([
[  0.215603502019723,   0.974133616656767, 0.0676670290173707,  30.4998767976087],
[-0.0146227643902386, -0.0660681585760135,  0.997707959867998, -2.06857731050184],
[  0.976371499316945,  -0.216098809162802,                  0,  158.350205382696],
[                  0,                   0,                  0,                 1]])], [Matrix([
[  0.225013708930537,   0.971546463096598, 0.073934436075585,  31.9058864773699],
[-0.0166819183499549, -0.0720278726464984, 0.997263104282007, -2.36541762556665],
[  0.974212781887761,  -0.225631238099938,                 0,  157.944879868747],
[                  0,                   0,                 0,                 1]])], [Matrix([
[  0.234384691776232,   0.968830196059895, 0.0801989243288589,  33.3038571959735],
[-0.0188581445352426, -0.0779502267360008,  0.996778878456247, -2.67956472678834],
[  0.971961000578546,   -0.23514211310259,                  0,  157.521072484947],
[                  0,                   0,                  0,                 1]])], [Matrix([
[  0.243714458062296,  0.965985449534543, 0.0864602464659229,  34.6933867050765],
[-0.0211508155384448, -0.083833270370461,  0.996255301507125, -3.01087357901205],
[  0.969616370495806, -0.244630525622907,                  0,  157.078858241373],
[                  0,                  0,                  0,                 1]])], [Matrix([
[ 0.253001025686673,   0.963012889155262, 0.0927181553005001, 36.0740757979373],
[-0.023559272451708, -0.0896750634450506,  0.995692394104561, -3.3591918367149],
[ 0.967179115615633,  -0.254095569258817,                  0, 156.618315422687],
[                 0,                   0,                  0,                1]])], [Matrix([
[  0.262242423445636,   0.959913212032816, 0.098972403781065,  37.4455284562678],
[-0.0260828250376891, -0.0954736767295335, 0.995090178471176, -3.72435990460984],
[  0.964649468762313,  -0.263536339840613,                 0,  156.139525573627],
[                  0,                   0,                 0,                 1]])], [Matrix([
[  0.271436691536853,  0.956687146575131, 0.105222745000596,  38.8073519958476],
[-0.0287207519083588,  -0.10122719237082, 0.994448678381413, -4.10621100110839],
[  0.962027671586086, -0.272951935517325,                 0,  155.642573483903],
[                  0,                  0,                 0,                 1]])], [Matrix([
[  0.280581882059517,  0.953335452300354, 0.111468932206325,  40.1591572108414],
[-0.0314723007118538, -0.106933704392586, 0.993767919160596, -4.50457122461712],
[  0.959313974540058, -0.282341456842877,                 0,   155.12754717248],
[                  0,                  0,                 0,                 1]])], [Matrix([
[  0.289676059511408,  0.949858919641912, 0.117710718809476,  41.5005585167675],
[-0.0343366883273303, -0.112591319191825, 0.993047927683934, -4.91925962264155],
[  0.956508636856278, -0.291704006861999,                 0,  154.594537871268],
[                  0,                  0,                 0,                 1]])], [Matrix([
[  0.298717301282767,  0.946258369745617, 0.123947858395002,   42.831174092057],
[-0.0373131010677686, -0.118198156032207, 0.992288732375458, -5.35008826367003],
[  0.953611926520976,  -0.30103869119592,                 0,  154.043640008207],
[                  0,                  0,                 0,                 1]])], [Matrix([
[   0.30770369814684,  0.942534654258879,  0.13018010473131,  44.1506260181521],
[-0.0404006948906757, -0.123752347534119, 0.991490363206897, -5.79686231180908],
[   0.95062412024896, -0.310344618127801,                 0,  153.474951189773],
[                  0,                  0,                 0,                 1]])], [Matrix([
[ 0.316633354746985,  0.938688655112056, 0.136407211779988,   45.458540418088],
[-0.043598595616633,  -0.12925204016126, 0.990652851696501, -6.25938010414066],
[ 0.947545503457184, -0.319620898687918,                 0,  152.888572182874],
[                 0,                  0,                 0,                 1]])], [Matrix([
[  0.325504390080198,  0.934721284292033, 0.142628933705512,  46.7545475935033],
[-0.0469058991556313, -0.134695394703653, 0.989776230907789, -6.73743323077056],
[  0.944376370237481, -0.328866646738583,                 0,  152.284606896181],
[                  0,                  0,                 0,                 1]])], [Matrix([
[  0.334314937976951,  0.930633483608056, 0.148845024884952,   48.038282160028],
[-0.0503216717411357, -0.140080586756979, 0.988860535448249, -7.23080661753633],
[  0.941117023328473, -0.338080979058797,                 0,  151.663162360855],
[                  0,                  0,                 0,                 1]])], [Matrix([
[  0.343063147577194,  0.926426224449902, 0.155055239917674,  49.3093831809932],
[-0.0538449501718194, -0.145405807198068,  0.98790580146797, -7.73927861134167],
[  0.937767774086646, -0.347263015428619,                 0,  151.024348710713],
[                  0,                  0,                 0,                 1]])], [Matrix([
[  0.351747183802431,   0.92210050753844, 0.161259333635021,  50.5674942994146],
[-0.0574747420609046, -0.150669262656467, 0.986912066658215, -8.26262106808381],
[  0.934328942456612, -0.356411878713251,                 0,  150.368279161804],
[                  0,                  0,                 0,                 1]])], [Matrix([
[  0.360365227823719,  0.917657362668639, 0.167457061109996,  51.8122638681943],
[-0.0612100260930458, -0.155869175981929, 0.985879370249932, -8.80059944313864],
[  0.930800856940542, -0.365526694946829,                 0,   149.69506999142],
[                  0,                  0,                 0,                 1]])], [Matrix([
[  0.369024759142739,  0.913047149731273, 0.173682553836709,  53.0468113510629],
[-0.0650823035602546,  -0.16102770963574, 0.984801690947349, -9.35549334758333],
[  0.927138080818027, -0.374719867497128,                 0,  149.003284209083],
[                  0,                  0,                 0,                 1]])], [Matrix([
[  0.379882886634042,  0.907249596660475,  0.18051914525056, 54.3396476390478],
[-0.0697215566183332, -0.166511460100227, 0.983571470813386, -9.9731916145407],
[   0.92240332663391,  -0.38622804534976,                 0,   148.2611646281],
[                  0,                  0,                 0,                1]])], [Matrix([
[  0.390742579303401,  0.901226097970677, 0.187381314585725,  55.6197072147309],
[-0.0745381334433211, -0.171918072693536, 0.982287250728689, -10.6100265956195],
[  0.917477140522919,  -0.39778850739795,                 0,  147.498763111045],
[                  0,                  0,                 0,                 1]])], [Matrix([
[  0.401491362808292,  0.895029442195338, 0.194234351219972,  56.8831205162374],
[-0.0794974305912395, -0.177220601858911, 0.980955155349192, -11.2631611634742],
[  0.912406074135706, -0.409286154029511,                 0,  146.717778393155],
[                  0,                  0,                 0,                 1]])], [Matrix([
[  0.412126085604235,  0.888661779977145, 0.201077921145965,  58.1294910244542],
[-0.0845973360160108, -0.182416065935479, 0.979575249599344, -11.9322708666343],
[  0.907190928252441, -0.420719169632755,                 0,  145.918356342583],
[                  0,                  0,                 0,                 1]])], [Matrix([
[  0.422643638501929,  0.882125321966869, 0.207911690817759,   59.358429152222],
[-0.0898356786116777, -0.187501525399339, 0.978147600733806, -12.6170236067299],
[  0.901832526405114, -0.432085748801982,                 0,  145.100646240426],
[                  0,                  0,                 0,                 1]])], [Matrix([
[  0.433040955825509,  0.875422337985605, 0.214735327167063,  60.5695524031531],
[-0.0952102290489219, -0.192474084016518, 0.976672278334168, -13.3170797822149],
[  0.896331714747493, -0.443384096622577,                 0,  144.264800752662],
[                  0,                  0,                 0,                 1]])], [Matrix([
[  0.44331501655421,  0.868555156164591, 0.221548497619467,   61.762485527438],
[-0.100718700633994, -0.197330889979352, 0.975149354305563, -14.0320924353094],
[ 0.890689361921507, -0.454612428954444,                 0,  143.410975901449],
[                 0,                  0,                 0,                 1]])], [Matrix([
[0.453462845447006,  0.861526162062889, 0.228350870110656,  62.9368606745744],
[-0.10635875018973, -0.202069137025851,  0.97357890287316, -14.7617074021011],
[0.884906358920074, -0.465768972713744,                 0,  142.539331035806],
[                0,                  0,                 0,                 1]])], [Matrix([
[ 0.463481514149808,  0.854337797763303,  0.23514211310259,  64.0923175429552],
[-0.112127978958315,  -0.20668606554162, 0.971961000578546, -15.5055634657378],
[ 0.878983618946408, -0.476851966152888,                 0,  141.650028801668],
[                 0,                  0,                 0,                 1]])], [Matrix([
[0.473368142284777,  0.846992560946862, 0.241921895599668,  65.2285035262511],
[-0.11802393352545, -0.211178963643912, 0.970295726275996, -16.2632925126496],
[ 0.87292207726981, -0.487859659138733,                 0,  140.743235111326],
[                0,                  0,                 0,                 1]])], [Matrix([
[ 0.483119898521354,   0.83949300394622, 0.248689887164855,   66.345073856527],
[-0.124044106765568, -0.215545168247401, 0.968583161128631, -17.0345196917299],
[ 0.866722691077976, -0.498790313428951,                 0,  139.819119112265],
[                 0,                  0,                 0,                 1]])], [Matrix([
[ 0.492734001628594,  0.831841732778347, 0.255445757935791,  67.4416917440303],
[-0.130185938807739, -0.219782066111269, 0.966823388604459, -17.8188635764105],
[ 0.860386439325853, -0.509642202946518,                 0,  138.877853155388],
[                 0,                  0,                 0,                 1]])], [Matrix([
[ 0.502207721508397,  0.824041406156859, 0.262189178640865,   68.518028513594],
[-0.136446818021891, -0.223887094867195, 0.965016494472311, -18.6159363295588],
[ 0.853914322581045, -0.520413614052279,                 0,  137.919612762652],
[                 0,                  0,                 0,                 1]])], [Matrix([
[ 0.511538380209252,  0.816094734484391, 0.268919820615266,  69.5737637375959],
[-0.142824082024977, -0.227857744027868, 0.963162566797658, -19.4253438711284],
[ 0.847307362865812, -0.531102845815557,                 0,  136.944576594111],
[                 0,                  0,                 0,                 1]])], [Matrix([
[ 0.520723352920098,  0.808004478825374, 0.275637355816999,  70.6085853654172],
[-0.149315018706693, -0.231691555975626, 0.961261695938319, -20.2466860484903],
[ 0.840566603495684,  -0.54170821028274,                 0,  135.952926414369],
[                 0,                  0,                 0,                 1]])], [Matrix([
[ 0.529760068943929,  0.799773449859625, 0.282341456842876,  71.6221898493473],
[-0.155916867274371, -0.235386126930845, 0.959313974540058, -21.0795568093722],
[ 0.833693108914707, -0.552228032743839,                 0,  134.944847058462],
[                 0,                  0,                 0,                 1]])], [Matrix([
[ 0.538646012650773,  0.791404506817135, 0.289031796944472,  72.6142822668812],
[-0.162626819316623, -0.238939107899709, 0.957319497532067, -21.9235443773323],
[ 0.826687964527355, -0.562660651996937,                 0,  133.920526397162],
[                 0,                  0,                 0,                 1]])], [Matrix([
[ 0.547378724409676,  0.782900556394478, 0.295708050044047,  73.5845764393574],
[-0.169442019885354, -0.242348205600998, 0.955278362122344, -22.7782314296916],
[ 0.819552276527134, -0.573004420610516,                 0,  132.880155301721],
[                 0,                  0,                 0,                 1]])], [Matrix([
[ 0.555955801499339,  0.774264551653239, 0.302369890750445,  74.5327950468865],
[-0.176359568595721, -0.245611183371538, 0.953190667792947, -23.6431952778494],
[ 0.812287171721897, -0.583257705183602,                 0,   131.82392760805],
[                 0,                  0,                 0,                 1]])], [Matrix([
[ 0.564374898997065,  0.765499490900893, 0.309016994374947,  75.4586697395232],
[-0.183376520743604, -0.248725862049963, 0.951056516295154, -24.5180080499051],
[ 0.804893797355914, -0.593418886603702,                 0,  130.752040080354],
[                 0,                  0,                 0,                 1]])], [Matrix([
[ 0.572633730645667,  0.756608416554556, 0.315649036947102, 76.3619412446336],
[-0.190489888440189, -0.251690120838458, 0.948876011644497, -25.402236875507],
[ 0.797373320928704, -0.603486360302476,                 0, 129.664692374211],
[                 0,                  0,                 0,                1]])], [Matrix([
[  0.58073006969802,  0.747594413988045, 0.322265695230511,  77.2423594704128],
[-0.197696641763205, -0.254501898142147, 0.946649260115696, -26.2954440728505],
[ 0.789726930010674, -0.613458536509124,                 0,  128.562086999124],
[                 0,                  0,                 0,                 1]])], [Matrix([
[  0.58866174973892,  0.738460610362688, 0.328866646738583, 78.0996836055101],
[-0.204993709924385, -0.257159192385801, 0.944376370237481, -27.197187337745],
[  0.78195583205559,  -0.62333384050142,                 0, 127.444429280537],
[                 0,                  0,                 0,                1]])], [Matrix([
[ 0.596426665483952,  0.729210173442323, 0.335451569750255,  78.9336822147188],
[-0.212377982452707, -0.259660062807564, 0.942057452787297, -28.1070199346681],
[ 0.774061254209905, -0.633110712854386,                 0,  126.311927321323],
[                 0,                  0,                 0,                 1]])], [Matrix([
[ 0.603802140675131,  0.720093696418363,  0.34188893415065,  79.7396401436497],
[-0.219670536288567, -0.261978813611638, 0.939740366646731, -29.0102474532918],
[ 0.766268771647927, -0.642520170576129,                 0,  125.172419132747],
[                 0,                  0,                 0,                 1]])], [Matrix([
[ 0.605757536415444,   0.71681724368507, 0.345298198998535,   80.414535882381],
[-0.222875377100839, -0.263737393089775, 0.938493022759556, -29.5867883299151],
[ 0.763796028634642, -0.645457687723951,                 0,  124.203475117762],
[                 0,                  0,                 0,                 1]])], [Matrix([
[ 0.607471110297739,   0.71377613996232, 0.348572047321815,  81.0700777432313],
[-0.225916480823588,  -0.26545096697207, 0.937281989491891, -30.1496916534331],
[ 0.761538307536737, -0.648119901063131,                 0,   123.23170738414],
[                 0,                  0,                 0,                 1]])], [Matrix([
[ 0.609163411684766,  0.710723147443812, 0.351841648404702,  81.7106461760628],
[-0.228969473342097, -0.267143268359097, 0.936059535738973, -30.7130127359935],
[ 0.759271307334881, -0.650774217265851,                 0,  122.249664180265],
[                 0,                  0,                 0,                 1]])], [Matrix([
[ 0.610834358096143,  0.707658414928092, 0.355106962408137, 82.3361323642435],
[-0.232034205857817, -0.268814214770474, 0.934825676396014, -31.276562677462],
[ 0.756995055651756, -0.653420603990106,                 0, 121.257522870067],
[                 0,                  0,                 0,                1]])], [Matrix([
[ 0.612483868092298,    0.7045820917859,   0.3583679495453,  82.9464314362691],
[-0.235110529000009, -0.270463724766629, 0.933580426497202, -31.8401518629147],
[ 0.754709580222772, -0.656059028990507,                 0,   120.25546272863],
[                 0,                  0,                 0,                 1]])], [Matrix([
[ 0.614111861278442,  0.701494327952885, 0.361624570082092,  83.5414424891999],
[-0.238198292833023, -0.272091717952773, 0.932323801215512, -32.4035900239893],
[ 0.752414908895724, -0.658689460118681,                 0,   119.24366490742],
[                 0,                  0,                 0,                 1]])], [Matrix([
[ 0.615718258308483,  0.698395273922301,  0.36487678433762,  84.1210686109501],
[-0.241297346863607, -0.273698114982814, 0.931055815862528, -32.9666863005125],
[  0.75011106963046, -0.661311865323652,                 0,  118.222312399137],
[                 0,                  0,                 0,                 1]])], [Matrix([
[ 0.617302980888897,  0.695285080737669, 0.368124552684678,  84.6852169014225],
[-0.244407540048239, -0.275282837563228, 0.929776485888251, -33.5292493023833],
[ 0.747798090498532, -0.663926212652242,                 0,  117.191590002215],
[                 0,                  0,                 0,                 1]])], [Matrix([
[0.618865951782541,  0.692163899985418, 0.371367835550235,  85.2337984924843],
[-0.24752872080049, -0.276845808456872, 0.928485826880914, -34.0910871716931],
[0.745475999682862, -0.666532470249453,                 0,  116.151684284973],
[                0,                  0,                 0,                 1]])], [Matrix([
[ 0.620407094812418,  0.689031883787493, 0.374606593415912,  85.7667285667772],
[-0.250660736998416, -0.278386951486749, 0.927183854566787, -34.6520076450633],
[ 0.743144825477394, -0.669130606358858,                 0,  115.102783549412],
[                 0,                  0,                 0,                 1]])], [Matrix([
[ 0.621926334865391,  0.685889184793945, 0.377840786818467,  86.2839263753593],
[-0.253803435991963, -0.279906191539723, 0.925870584809995, -35.2118181161818],
[  0.74080459628675,  -0.67172058932299,                 0,  114.045077794689],
[                 0,                  0,                 0,                 1]])], [Matrix([
[ 0.623423597895844,   0.68273595617549, 0.381070376350274,   86.785315254171],
[-0.256956664610418, -0.281403454570175, 0.924546033612313, -35.7703256985166],
[ 0.738455340625884, -0.674302387583724,                 0,  112.978758680246],
[                 0,                  0,                 0,                 1]])], [Matrix([
[ 0.624898810929289,  0.679572351616043, 0.384295322659804, 87.2708226393239],
[-0.260120269169866,  -0.28287866760362, 0.923210217112981, -36.327337288189],
[ 0.736097087119734, -0.676875969682661,                 0, 111.904019488624],
[                 0,                  0,                 0,                1]])], [Matrix([
[ 0.626351902065923,  0.676398525305225, 0.387515586452103,  87.7403800812071],
[-0.263294095480683, -0.284331758740254, 0.921863151588501, -36.8826596269861],
[ 0.733729864502876, -0.679441304261516,                 0,  110.821055087964],
[                 0,                  0,                 0,                 1]])], [Matrix([
[ 0.627782800484135,  0.673214631930854, 0.390731128489274,  88.1939232574082],
[-0.266477988855054, -0.285762657158466,  0.92050485345244, -37.4360993654923],
[  0.73135370161917, -0.681998360062499,                 0,  109.730061894191],
[                 0,                  0,                 0,                 1]])], [Matrix([
[ 0.629191436443954,  0.670020826671402, 0.393941909590951,  88.6313919844446],
[-0.269671794114507, -0.287171293118285, 0.919135339255234, -37.9874631263204],
[ 0.728968627421411, -0.684547105928689,                 0,  108.631237832906],
[                 0,                  0,                 0,                 1]])], [Matrix([
[ 0.630577741290452,   0.66681726518843, 0.397147890634781,  89.0527302283047],
[-0.272875355597479, -0.288557597964783, 0.917754625683981, -38.5365575674229],
[ 0.726574670970976, -0.687087510804423,                 0,  107.524782300973],
[                 0,                  0,                 0,                 1]])], [Matrix([
[ 0.631941647457085,  0.663604103619006, 0.400349032556895,  89.4578861137943],
[-0.276088517166903, -0.289921504131416,  0.91636272956224, -39.0831894454628],
[ 0.724171861437468,  -0.68961954373567,                 0,  106.410896127837],
[                 0,                  0,                 0,                 1]])], [Matrix([
[ 0.633283088468991,  0.660381498568091,  0.40354529635239,  89.8468119326875],
[-0.279311122217817, -0.291262945143322, 0.914959667849825, -39.6271656792252],
[ 0.721760228098362, -0.692143173870407,                 0,  105.289781536542],
[                 0,                  0,                 0,                 1]])], [Matrix([
[ 0.634601998946228,   0.65714960710091,   0.4067366430758,  90.2194641506798],
[-0.282543013684998, -0.292581855620559, 0.913545457642601, -40.1682934130478],
[ 0.719339800338651, -0.694658370458997,                 0,  104.161642104499],
[                 0,                  0,                 0,                 1]])], [Matrix([
[  0.63589831460696,  0.653908586735293, 0.409923033841573,  90.5758034131427],
[-0.285784034050615, -0.293878171281291, 0.912120116172273, -40.7063800802533],
[ 0.716910607650483, -0.697165102854565,                 0,  103.026682723972],
[                 0,                  0,                 0,                 1]])], [Matrix([
[  0.63717197227059,  0.650658595434001, 0.413104429824542,  90.9157945496777],
[-0.289034025351908, -0.295151828944922, 0.910683660806177, -41.2412334665608],
[ 0.714472679632803, -0.699663340513365,                 0,  101.885109562325],
[                 0,                  0,                 0,                 1]])], [Matrix([
[ 0.638422909860842,  0.647399791597023, 0.416280792260401,   91.239406577471],
[-0.292292829188886, -0.296402766535173, 0.909236109047069, -41.7726617734583],
[ 0.712026045990996, -0.702153052995163,                 0,  100.737130022009],
[                 0,                  0,                 0,                 1]])], [Matrix([
[  0.63965106640878,  0.644132334053862, 0.419452082446177,   91.546612703446],
[-0.295560286732047, -0.297630923083111, 0.907777478532909, -42.3004736815158],
[ 0.709570736536521, -0.704634209963595,                 0,   99.582952700311],
[                 0,                  0,                 0,                 1]])], [Matrix([
[ 0.640494035437752, 0.640874225065206, 0.423140187426976,  91.7986800700558],
[-0.299116506754875, -0.29929405874908, 0.906064226081277, -42.8708137594078],
[  0.70731655286401, -0.70689694725934,                 0,  98.4528506683082],
[                 0,                 0,                 0,                 1]])], [Matrix([
[ 0.633321032733996,   0.63775795342714, 0.438371146789077,  91.1752756670476],
[-0.308891306688557, -0.311055337503485, 0.898794046299167, -44.4691532142951],
[ 0.709570736536521, -0.704634209963595,                 0,  97.9662966542002],
[                 0,                  0,                 0,                 1]])], [Matrix([
[ 0.625622951197471,  0.634419852370025, 0.453990499739547,  90.4800733055226],
[-0.318770815422922, -0.323253060447026, 0.891006524188368, -46.1019000212853],
[ 0.712026045990996, -0.702153052995163,                 0,  97.5081672579423],
[                 0,                  0,                 0,                 1]])], [Matrix([
[ 0.617766062317912,  0.630841932645251, 0.469471562785891,  89.7520247512529],
[-0.328472041894806, -0.335424605475035, 0.882947592858927, -47.7219980709557],
[ 0.714472679632803, -0.699663340513365,                 0,  97.0484245402249],
[                 0,                  0,                 0,                 1]])], [Matrix([
[0.609754338086466,  0.627024145708391, 0.484809620246337,  88.9913879819147],
[-0.33799234876392, -0.347565159445601, 0.874619707139396, -49.3287318597205],
[0.716910607650483, -0.697165102854565,                 0,  96.5870939490156],
[                0,                  0,                 0,                 1]])], [Matrix([
[ 0.601591795768993,  0.622966541046498,               0.5,  88.1984373228316],
[-0.347329185229499, -0.359669900169326, 0.866025403784439, -50.9213915304411],
[ 0.719339800338651, -0.694658370458997,                 0,  96.1242009988536],
[                 0,                  0,                 0,                 1]])], [Matrix([
[ 0.593282496045889,  0.618669266473214, 0.515038074910054,  87.3734633183569],
[-0.356480087832349, -0.371733998426422, 0.857167300702112, -52.4992732560497],
[ 0.721760228098362, -0.692143173870407,                 0,  95.6597712695684],
[                 0,                  0,                 0,                 1]])], [Matrix([
[ 0.584830541137298,    0.6141325683821, 0.529919264233205,  86.5167725941196],
[-0.365442681217245, -0.383752619991333, 0.848048096156426, -54.0616796201742],
[ 0.724171861437468,  -0.68961954373567,                 0,  95.1938304049967],
[                 0,                  0,                 0,                 1]])], [Matrix([
[ 0.576240072914553,  0.609356791957988, 0.544639035015027,  85.6286877102065],
[-0.374214678855398, -0.395720927663993, 0.838670567945424, -55.6079199945465],
[ 0.726574670970976, -0.687087510804423,                 0,   94.726404111696],
[                 0,                  0,                 0,                 1]])], [Matrix([
[0.567515270998699,  0.604342381346228, 0.559192903470747,  84.7095470053556],
[-0.38279388372676, -0.407634083306864, 0.829037572555042, -57.1373109129762],
[0.728968627421412, -0.684547105928689,                 0,  94.2575181576546],
[                0,                  0,                 0,                 1]])], [Matrix([
[ 0.558660350846936,  0.599089879779665, 0.573576436351046,  83.7597044322423],
[-0.391178188961905,  -0.41948724988687, 0.819152044288992, -58.6491764416733],
[  0.73135370161917, -0.681998360062499,                 0,      93.787198371],
[                 0,                  0,                 0,                 1]])], [Matrix([
[ 0.549679561827846,  0.593599929663254, 0.587785252292473,  82.7795293839463],
[-0.399365578443283, -0.431275593521345, 0.809016994374947, -60.1428485457064],
[ 0.733729864502876, -0.679441304261517,                 0,  93.3154706387034],
[                 0,                  0,                 0,                 1]])], [Matrix([
[ 0.540577185286268,  0.587873272616196, 0.601815023152048,  81.7694065116893],
[-0.407354127365636, -0.442994285527118, 0.798635510047293, -61.6176674513853],
[ 0.736097087119734, -0.676875969682661,                 0,  92.8423609052821],
[                 0,                  0,                 0,                 1]])], [Matrix([
[ 0.531357532598662,  0.581910749471511, 0.615661475325658,  80.7297355339412],
[-0.415142002755409, -0.454638504471843, 0.788010753606722, -63.0729820043569],
[ 0.738455340625884, -0.674302387583724,                 0,  92.3678951714988],
[                 0,                  0,                 0,                 1]])], [Matrix([
[ 0.522024943219858,  0.575713300233009, 0.629320391049837,  79.6609310369968],
[-0.422727463948971, -0.466203438226694, 0.777145961456971, -64.5081500232086],
[  0.74080459628675,  -0.67172058932299,                 0,  91.8920994930588],
[                 0,                  0,                 0,                 1]])], [Matrix([
[ 0.512583782722036,   0.56928196398958, 0.642787609686539, 78.5634222671304],
[-0.430108863029515, -0.477684286019534, 0.766044443118978, -65.922538648374],
[ 0.743144825477394, -0.669130606358858,                 0, 91.4149999793041],
[                 0,                  0,                 0,                1]])], [Matrix([
[0.503038440826812,  0.562617878786804, 0.656059028990507,  77.4376529144388],
[ -0.4372846452225, -0.489076260487666, 0.754709580222772, -67.3155246861377],
[0.745475999682862, -0.666532470249453,                 0,  90.9366227919053],
[                0,                  0,                 0,                 1]])], [Matrix([
